40401 10
40403 20
40405 20
40407 20
40409 20
40411 20
40413 20
40415 20
40417 20
40419 20
40421 20
40423 20
40425 20
40427 20
40429 20
40431 20
40433 20
40435 20
40437 20
40439 20
40441 20
40443 20
40445 20
40447 20
40449 20
40451 20
40453 20
40455 20
40457 20
40459 20
40461 20
40463 20
40465 20
40467 20
40469 20
40471 20
40473 20
40475 20
40477 20
40479 20
40481 20
40483 20
40485 20
40487 20
40489 20
40491 20
40493 20
40495 20
40497 20
40499 20
40501 20
40503 20
40505 20
40507 20
40509 20
40511 20
40513 20
40515 20
40517 20
40519 20
40521 20
40523 20
40525 20
40527 20
40529 20
40531 20
40533 20
40535 20
40537 20
40539 20
40541 20
40543 20
40545 20
40547 20
40549 20
40551 20
40553 20
40555 20
40557 20
40559 20
40561 20
40563 20
40565 20
40567 20
40569 20
40571 20
40573 20
40575 20
40577 20
40579 20
40581 20
40583 20
40585 20
40587 20
40589 20
40591 20
40593 20
40595 20
40597 20
40599 20
40601 10